Cheapest price:
118.60 euros, of which 83.60 is tax
All flight combination taxes:
83.60
83.60
83.60
83.60
83.60
83.60
83.60
83.60
83.60
83.60
83.60
83.60
83.60
83.60
83.60
83.60
83.60
83.60
83.60
83.60
83.60
83.60
83.60
83.60
83.60
83.60
83.60
83.60
83.60
83.60
83.60
83.60
88.48
88.48
88.48
88.48
88.48
88.48
88.48
88.48
88.48
88.48
88.48
88.48
88.48
88.48
88.48
88.48
88.48
88.48
88.48
88.48
88.48
88.48
88.48
88.48
88.48
88.48
88.48
88.48
88.48
88.48
88.48
88.48
88.48
88.48
88.48
88.48
88.48
88.48
88.48
88.48
88.48
88.48
88.48
88.48
88.48
88.48
88.48
88.48
88.48
88.48
88.48
88.48
88.48
88.48
88.48
88.48
92.30
92.30
92.30
92.30
92.30
92.30
92.30
92.30
92.30
92.30
92.30
92.30
92.30
92.30
92.30
92.30
92.30
92.30
92.30
92.30
92.30
92.30
92.30
92.30
93.36
93.36
93.36
93.36
93.36
93.36
93.36
93.36
93.36
93.36
93.36
93.36
97.18
97.18
97.18
97.18
97.18
97.18
97.18
97.18
97.18
97.18
97.18
97.18
97.18
97.18
97.18
97.18
101.00
101.00
101.00
101.00
107.27
107.27
107.27
107.27
107.27
107.27
107.27
107.27
107.27
107.27
107.27
107.27
107.27
107.27
107.27
107.27
107.27
107.27
107.27
107.27
107.27
107.27
107.27
107.27
107.27
107.27
107.27
107.27
107.27
107.27
107.27
107.27
107.78
107.78
107.78
107.78
107.78
107.78
107.78
107.78
107.78
107.78
107.78
107.78
107.78
107.78
107.78
107.78
107.78
107.78
107.78
107.78
107.78
107.78
107.78
107.78
107.78
107.78
107.78
107.78
107.78
107.78
107.78
107.78
107.78
107.78
107.78
107.78
107.78
107.78
107.78
107.78
107.78
107.78
107.78
107.78
112.15
112.15
112.15
112.15
112.15
112.15
112.15
112.15
112.15
112.15
112.15
112.15
112.15
112.15
112.15
112.15
112.15
112.15
112.15
112.15
112.15
112.15
112.15
112.15
112.15
112.15
112.15
112.15
112.15
112.15
112.15
112.15
112.15
112.15
112.15
112.15
112.15
112.15
112.15
112.15
112.15
112.15
112.15
112.15
112.15
112.15
112.15
112.15
112.66
112.66
112.66
112.66
112.66
112.66
112.66
112.66
112.66
112.66
112.66
112.66
112.66
112.66
112.66
112.66
112.66
112.66
112.66
112.66
112.66
112.66
112.66
112.66
112.66
112.66
112.66
112.66
112.66
112.66
112.66
112.66
112.66
112.66
112.66
112.66
112.66
112.66
112.66
112.66
112.66
112.66
112.66
112.66
112.66
112.66
112.66
112.66
112.66
112.66
112.66
112.66
112.66
112.66
112.66
112.66
112.66
112.66
112.66
112.66
112.66
112.66
112.66
112.66
112.66
112.66
115.97
115.97
115.97
115.97
115.97
115.97
115.97
115.97
115.97
115.97
115.97
115.97
115.97
115.97
115.97
115.97
116.48
116.48
116.48
116.48
116.48
116.48
116.48
116.48
116.48
116.48
116.48
116.48
116.48
116.48
116.48
116.48
116.48
116.48
116.48
116.48
116.48
116.48
122.63
122.63
122.63
122.63
122.63
122.63
122.63
122.63
122.63
122.63
122.63
122.63
122.63
122.63
122.63
122.63
122.63
122.63
122.63
122.63
122.63
122.63
122.63
122.63
122.63
122.63
122.63
122.63
122.63
122.63
122.63
122.63
122.63
122.63
122.63
122.63
122.63
122.63
122.63
122.63
122.63
122.63
122.63
122.63
122.63
122.63
122.63
122.63
122.63
122.63
122.63
122.63
122.63
122.63
122.63
122.63
122.63
122.63
122.63
122.63
122.63
122.63
122.63
122.63
122.63
122.63
122.63
122.63
122.63
122.63
122.63
122.63
122.63
122.63
122.63
122.63
122.63
122.63
122.63
122.63
122.63
122.63
122.63
122.63
122.63
122.63
122.63
122.63
122.63
122.63
122.63
122.63
122.63
122.63
122.63
122.63
122.84
122.84
122.84
122.84
122.84
122.84
122.84
122.84
122.84
122.84
122.84
122.84
122.84
122.84
122.84
122.84
122.84
122.84
122.84
122.84
122.84
122.84
122.84
122.84
122.84
122.84
122.84
122.84
122.84
122.84
122.84
122.84
122.84
122.84
122.84
122.84
122.84
122.84
122.84
122.84
122.84
122.84
122.84
122.84
122.84
122.84
122.84
122.84
122.84
122.84
122.84
122.84
122.84
122.84
122.84
122.84
122.84
122.84
122.84
122.84
122.84
122.84
122.84
122.84
122.84
122.84
122.84
122.84
122.84
122.84
122.84
122.84
122.84
122.84
122.84
122.84
122.84
122.84
122.84
122.84
122.84
122.84
122.84
122.84
122.84
122.84
122.84
122.84
122.84
122.84
122.84
122.84
122.84
122.84
122.84
122.84
122.84
122.84
122.84
122.84
122.84
122.84
122.84
122.84
122.84
122.84
122.84
122.84
122.84
122.84
122.84
122.84
127.51
127.51
127.51
127.51
127.51
127.51
127.51
127.51
127.51
127.51
127.51
127.51
127.51
127.51
127.51
127.51
127.51
127.51
127.51
127.51
127.51
127.51
127.51
127.51
127.72
127.72
127.72
127.72
127.72
127.72
127.72
127.72
127.72
127.72
127.72
127.72
127.72
127.72
127.72
127.72
127.72
127.72
127.72
127.72
127.72
127.72
127.72
127.72
127.72
127.72
127.72
127.72
127.72
127.72
127.72
127.72
127.72
127.72
127.72
127.72
127.72
127.72
127.72
127.72
127.72
127.72
127.72
127.72
127.72
127.72
127.72
127.72
129.91
129.91
129.91
129.91
129.91
129.91
129.91
129.91
129.91
129.91
129.91
129.91
129.91
129.91
129.91
129.91
129.91
129.91
129.91
129.91
129.91
129.91
129.91
129.91
129.91
129.91
129.91
129.91
129.91
129.91
129.91
129.91
129.91
129.91
129.91
129.91
129.91
129.91
129.91
129.91
129.91
129.91
129.91
129.91
129.91
129.91
129.91
129.91
129.91
129.91
129.91
129.91
131.33
131.33
131.33
131.33
131.33
131.33
131.33
131.33
131.33
131.33
131.33
131.33
131.33
131.33
131.33
131.33
131.33
131.33
131.33
131.33
131.33
131.33
131.33
131.33
131.54
131.54
131.54
131.54
131.54
131.54
131.54
131.54
131.54
131.54
131.54
131.54
131.54
131.54
131.54
131.54
131.54
131.54
131.54
131.54
131.54
131.54
131.54
131.54
131.54
131.54
131.54
131.54
131.54
131.54
131.54
131.54
134.79
134.79
134.79
134.79
134.79
134.79
134.79
134.79
134.79
134.79
134.79
134.79
134.79
134.79
134.79
134.79
134.79
134.79
134.79
134.79
134.79
134.79
134.79
134.79
134.79
134.79
134.79
134.79
134.79
134.79
134.79
134.79
134.79
134.79
134.79
134.79
134.79
134.79
134.79
134.79
134.79
134.79
134.79
134.79
134.79
134.79
134.79
134.79
134.79
134.79
134.79
134.79
134.79
134.79
134.79
134.79
134.79
134.79
134.79
134.79
134.79
134.79
134.79
134.79
134.79
134.79
134.79
134.79
134.79
134.79
134.79
134.79
134.79
134.79
134.79
134.79
134.79
134.79
138.61
138.61
138.61
138.61
138.61
138.61
138.61
138.61
138.61
138.61
138.61
138.61
138.61
138.61
138.61
138.61
138.61
138.61
138.61
138.61
138.61
138.61
138.61
138.61
138.61
138.61
144.76
144.76
144.76
144.76
144.76
144.76
144.76
144.76
144.76
144.76
144.76
144.76
144.76
144.76
144.76
144.76
144.76
144.76
144.76
144.76
144.76
144.76
144.76
144.76
144.76
144.76
144.76
144.76
144.76
144.76
144.76
144.76
144.76
144.76
144.76
144.76
144.76
144.76
144.76
144.76
144.76
144.76
144.76
144.76
144.76
144.76
144.76
144.76
144.76
144.76
144.76
144.76
144.76
144.76
144.76
144.76
144.76
144.76
144.76
144.76
144.76
144.76
144.76
144.76
144.76
144.76
144.76
144.76
144.76
144.76
144.76
144.76
144.76
144.76
144.76
144.76
144.76
144.76
144.76
144.76
144.76
144.76
144.76
144.76
144.76
144.76
144.76
144.76
144.76
144.76
144.76
144.76
144.76
144.76
144.76
144.76
146.30
146.30
146.30
146.30
146.30
146.30
146.30
146.30
146.30
146.30
146.30
146.30
146.30
146.30
146.30
146.30
146.30
146.30
146.30
146.30
146.30
146.30
146.30
146.30
146.30
146.30
146.30
146.30
146.30
146.30
146.30
146.30
146.30
146.30
146.30
146.30
146.30
146.30
146.30
146.30
146.30
146.30
146.30
146.30
146.30
146.30
146.30
146.30
146.30
146.30
146.30
146.30
146.30
146.30
146.30
146.30
146.30
146.30
146.30
146.30
146.30
146.30
146.30
146.30
146.30
146.30
146.30
146.30
146.30
146.30
146.30
146.30
146.30
146.30
146.30
146.30
146.30
146.30
146.30
146.30
146.30
146.30
146.30
146.30
146.30
146.30
146.30
146.30
146.30
146.30
146.30
146.30
146.30
146.30
146.30
146.30
146.51
146.51
146.51
146.51
146.51
146.51
146.51
146.51
146.51
146.51
146.51
146.51
146.51
146.51
146.51
146.51
146.51
146.51
146.51
146.51
146.51
146.51
146.51
146.51
146.51
146.51
146.51
146.51
146.51
146.51
146.51
146.51
146.51
146.51
146.51
146.51
146.51
146.51
146.51
146.51
146.51
146.51
146.51
146.51
146.51
146.51
146.51
146.51
146.51
146.51
146.51
146.51
146.51
146.51
146.51
146.51
146.51
146.51
146.51
146.51
146.51
146.51
146.51
146.51
146.51
146.51
146.51
146.51
146.51
146.51
146.51
146.51
146.51
146.51
146.51
146.51
146.51
146.51
146.51
146.51
146.51
146.51
146.51
146.51
146.51
146.51
146.51
146.51
146.51
146.51
146.51
146.51
146.51
146.51
146.51
146.51
146.81
146.81
146.81
146.81
146.81
146.81
146.81
146.81
146.81
146.81
146.81
146.81
146.81
146.81
146.81
146.81
146.81
146.81
146.81
146.81
146.81
146.81
146.81
146.81
146.81
146.81
146.